0.12890625
0.23203125
0.23203125
0.28359375
0.28359375
0.322265625
0.322265625
0.322265625
0.322265625
0.322265625
0.322265625
0.322265625
0.322265625
0.322265625
0.322265625
0.322265625
0.322265625
0.43828124999999996
0.48984374999999997
0.48984374999999997
0.5285156249999999
0.5285156249999999
0.5285156249999999
0.5285156249999999
0.5285156249999999
0.5929687499999999
0.5929687499999999
0.5929687499999999
0.5929687499999999
0.631640625
0.631640625
0.631640625
0.631640625
0.6832031249999999
0.6832031249999999
0.6832031249999999
0.6832031249999999
0.7218749999999999
0.7218749999999999
0.7218749999999999
0.7218749999999999
0.7218749999999999
0.7218749999999999
0.7218749999999999
0.7218749999999999
0.7218749999999999
0.7218749999999999
0.7218749999999999
0.7218749999999999
0.7218749999999999
0.7218749999999999
0.7218749999999999
0.7218749999999999
0.7218749999999999
0.7218749999999999
0.7218749999999999
0.7218749999999999
0.7218749999999999
0.7218749999999999
0.7218749999999999
0.7218749999999999
0.7218749999999999
0.7218749999999999
0.7218749999999999
0.7218749999999999
0.7218749999999999
0.7218749999999999
0.7218749999999999
0.9410156249999999
0.9410156249999999
0.9410156249999999
0.9410156249999999
0.9410156249999999
1.00546875
1.00546875
1.00546875
1.044140625
1.044140625
1.044140625
1.044140625
1.095703125
1.095703125
1.095703125
1.095703125
1.134375
1.134375
1.134375
1.134375
1.134375
1.134375
1.134375
1.134375
1.21171875
1.21171875
1.21171875
1.21171875
1.21171875
1.21171875
1.21171875
1.21171875
1.2503906249999999
1.2503906249999999
1.2503906249999999
1.2503906249999999
1.2503906249999999
1.2503906249999999
1.3019531249999998
1.3019531249999998
1.3019531249999998
1.3019531249999998
1.340625
1.340625
1.340625
1.340625
1.340625
1.340625
1.405078125
1.405078125
1.405078125
1.405078125
1.405078125
1.405078125
1.405078125
1.405078125
1.405078125
1.4437499999999999
1.4437499999999999
1.4437499999999999
1.4437499999999999
1.4437499999999999
1.4437499999999999
1.4953124999999998
1.4953124999999998
1.4953124999999998
1.4953124999999998
1.4953124999999998
1.4953124999999998
1.4953124999999998
1.533984375
1.533984375
1.533984375
1.533984375
1.533984375
1.533984375
1.533984375
1.533984375
1.533984375
1.533984375
1.533984375
1.533984375
1.533984375
1.533984375
1.533984375
1.533984375
1.533984375
1.533984375
1.533984375
1.533984375
1.533984375
1.533984375
1.533984375
1.533984375
1.533984375
1.533984375
1.533984375
1.533984375
1.533984375
1.533984375
1.533984375
1.533984375
1.533984375
1.533984375
1.533984375
1.533984375
1.533984375
1.533984375
1.533984375
1.533984375
1.533984375
1.533984375
1.533984375
1.533984375
1.533984375
1.533984375
1.533984375
1.533984375
1.533984375
1.533984375
1.533984375
1.533984375
1.533984375
1.533984375
1.533984375
1.533984375
1.533984375
1.533984375
1.533984375
1.533984375
1.533984375
1.533984375
1.533984375
1.533984375
1.533984375
1.533984375
1.533984375
1.7660156249999999
1.533984375
1.869140625
1.869140625
1.869140625
1.869140625
1.869140625
1.920703125
1.920703125
1.920703125
1.920703125
1.920703125
1.9593749999999999
1.9593749999999999
1.9593749999999999
1.9593749999999999
1.9593749999999999
1.9593749999999999
1.9593749999999999
1.9593749999999999
1.9593749999999999
1.9593749999999999
1.9593749999999999
1.9593749999999999
1.9593749999999999
1.9593749999999999
1.9593749999999999
1.9593749999999999
1.9593749999999999
1.9593749999999999
1.9593749999999999
1.9593749999999999
2.075390625
2.075390625
2.075390625
2.075390625
2.075390625
2.075390625
2.075390625
2.075390625
2.126953125
2.126953125
2.126953125
2.165625
2.165625
2.165625
2.165625
2.165625
2.165625
2.165625
2.165625
2.165625
2.165625
2.230078125
2.230078125
2.230078125
2.230078125
2.230078125
2.230078125
2.230078125
2.230078125
2.230078125
2.230078125
2.230078125
2.26875
2.26875
2.26875
2.26875
2.26875
2.26875
2.26875
2.3203125
2.3203125
2.3203125
2.3203125
2.3203125
2.3203125
2.3203125
2.3203125
2.3203125
2.3203125
2.3203125
2.358984375
2.358984375
2.358984375
2.358984375
2.44921875
2.44921875
2.44921875
2.44921875
2.44921875
2.44921875
2.44921875
2.44921875
2.44921875
2.44921875
2.44921875
2.44921875
2.44921875
2.44921875
2.44921875
2.44921875
2.44921875
2.44921875
2.44921875
2.487890625
2.487890625
2.487890625
2.487890625
2.487890625
2.487890625
2.487890625
2.487890625
2.487890625
2.487890625
2.487890625
2.487890625
2.487890625
2.5394531249999996
2.5394531249999996
2.5394531249999996
2.5394531249999996
2.5394531249999996
2.5394531249999996
2.578125
2.578125
2.578125
2.578125
2.578125
2.578125
2.578125
2.578125
2.578125
2.578125
2.578125
2.578125
2.578125
2.578125
2.578125
2.578125
2.578125
2.578125
2.578125
2.578125
2.578125
2.578125
2.578125
2.578125
2.578125
2.578125
2.578125
2.578125
2.578125
2.578125
2.578125
2.578125
2.578125
2.578125
2.578125
2.578125
2.578125
2.578125
2.578125
2.578125
2.578125
2.578125
2.578125
2.578125
2.578125
2.578125
2.578125
2.578125
2.578125
2.578125
2.578125
2.578125
2.578125
2.578125
2.578125
2.578125
2.578125
2.578125
2.578125
2.578125
2.578125
2.578125
2.642578125
2.642578125
2.642578125
2.642578125
2.642578125
2.642578125
2.642578125
2.642578125
2.642578125
2.642578125
2.642578125
2.642578125
2.642578125
2.642578125
2.642578125
2.642578125
2.642578125
2.642578125
2.642578125
2.642578125
2.642578125
2.642578125
2.642578125
2.642578125
2.642578125
2.68125
2.642578125
2.642578125
2.642578125
2.642578125
2.642578125
2.578125
2.578125
2.578125
2.578125
2.578125
2.578125
2.578125
2.578125
2.578125
2.578125
2.578125
2.578125
2.578125
2.578125
2.578125
2.578125
2.578125
2.578125
2.578125
2.578125
2.578125
2.578125
2.5394531249999996
2.5394531249999996
2.5394531249999996
2.5394531249999996
2.5394531249999996
2.5394531249999996
2.5394531249999996
2.5394531249999996
2.5394531249999996
2.487890625
2.487890625
2.487890625
2.487890625
2.487890625
2.487890625
2.487890625
2.487890625
2.487890625
2.487890625
2.487890625
2.487890625
2.487890625
2.487890625
2.487890625
2.487890625
2.487890625
2.487890625
2.487890625
2.487890625
2.487890625
2.487890625
2.487890625
2.487890625
2.487890625
2.487890625
2.487890625
2.487890625
2.487890625
2.487890625
2.487890625
2.487890625
2.487890625
2.487890625
2.487890625
2.487890625
2.487890625
2.487890625
2.487890625
2.487890625
2.487890625
2.487890625
2.44921875